image: /home/lc/2022HPX/learn_ws/src/simplebb/map/new_map.pgm
resolution: 0.050000
origin: [-54.000000, -57.500000, 0.000000]
negate: 0
occupied_thresh: 0.65
free_thresh: 0.196

